%% MATLAB Fundamentals
%  Problem Set 1 Solutions

%% 1. 

% 1)
3 + 5^2 - 2

% 2)
(-3+2) + 8/2 * 4

% 3)
(2-5) + 4^2 - 10/5

% 4)
3 + 5 - (-1)*7

% 5)
(4-1)^2 + 15/3 - 1

% 6)
(5+7)/4 - 1 + 3^2*2

% 7)
10 - (3+4/2)^2 + 15

% 8)
(5*2)/(4-3) - 8 + (-1)^2 -4

%% 2.

odds = 1:2:15

%% 3.

20:-1:10

%% 4.

x = linspace(100,105,20);
x = x'

%% 5.

m1 = ones(3,4)

%% 6.

m2 = zeros(3,2)

%% 7. 

m3 = rand(1,6)

%% 8.

M = [m1 m2; m3]